15, 402
15, 404
26, 402
28, 395
31, 387
32, 400
36, 394
38, 389
47, 413
55, 395
56, 364
57, 377
58, 383
58, 392
60, 405
61, 416
62, 417
63, 417
64, 416
65, 401
65, 417
66, 355
66, 372
66, 415
67, 400
68, 370
69, 378
69, 391
70, 379
70, 381
70, 396
70, 398
71, 377
72, 396
72, 398
72, 410
73, 367
73, 415
74, 376
74, 408
75, 413
76, 411
77, 365
77, 405
77, 407
77, 412
78, 400
78, 412
78, 414
78, 416
79, 391
79, 410
79, 412
79, 414
80, 388
80, 390
80, 403
81, 362
81, 390
81, 397
81, 403
81, 408
82, 390
82, 396
82, 424
83, 371
83, 388
83, 409
83, 424
84, 361
84, 388
84, 424
85, 360
85, 364
85, 380
85, 406
85, 422
86, 364
86, 370
86, 386
87, 363
87, 387
87, 390
87, 418
88, 358
88, 423
89, 396
89, 399
90, 357
90, 384
90, 396
90, 402
90, 419
91, 386
91, 405
91, 407
92, 392
92, 394
92, 409
92, 412
93, 395
93, 413
93, 416
94, 394
94, 398
94, 419
95, 392
95, 402
95, 405
95, 421
96, 327
96, 353
96, 406
96, 410
96, 427
97, 405
97, 411
98, 405
99, 395
99, 420
100, 410
100, 426
101, 375
102, 375
102, 386
103, 403
104, 348
104, 402
105, 281
105, 348
105, 384
105, 402
106, 394
106, 418
106, 445
107, 379
107, 382
107, 385
107, 388
107, 390
107, 394
107, 399
107, 401
107, 403
107, 409
108, 241
108, 346
108, 360
108, 367
108, 370
108, 382
108, 424
109, 401
109, 409
109, 460
109, 462
110, 365
110, 384
110, 387
110, 391
110, 395
110, 398
110, 401
110, 464
111, 363
111, 368
111, 372
111, 379
111, 381
111, 384
112, 204
112, 363
112, 367
112, 371
112, 394
112, 400
113, 343
113, 372
114, 209
114, 362
114, 367
114, 370
114, 374
114, 376
114, 378
114, 381
114, 383
114, 385
114, 393
115, 205
115, 378
115, 393
115, 397
115, 399
116, 376
116, 380
116, 382
116, 393
116, 446
116, 451
116, 455
117, 192
117, 383
118, 380
118, 447
118, 453
119, 255
119, 305
119, 407
119, 438
119, 446
120, 372
120, 375
120, 378
120, 385
120, 390
120, 393
120, 396
120, 398
120, 446
121, 338
121, 354
121, 361
121, 389
122, 256
122, 327
122, 391
122, 395
122, 397
123, 395
124, 237
124, 257
124, 336
124, 396
124, 439
125, 336
125, 348
125, 406
126, 352
126, 394
127, 125
127, 351
127, 357
127, 367
127, 405
128, 356
128, 366
128, 368
129, 365
129, 370
129, 376
129, 432
130, 211
130, 366
130, 369
130, 377
130, 380
130, 430
130, 440
131, 210
131, 258
131, 365
131, 375
131, 385
131, 430
132, 391
132, 393
133, 295
133, 365
133, 385
133, 390
133, 425
134, 133
134, 330
134, 391
134, 404
134, 462
135, 259
135, 329
135, 346
135, 351
135, 360
135, 362
135, 424
136, 366
136, 371
136, 375
136, 379
136, 384
136, 389
136, 391
136, 405
136, 421
136, 433
137, 328
137, 359
137, 404
137, 432
137, 435
138, 334
138, 343
138, 345
138, 349
138, 419
138, 430
138, 432
139, 353
139, 357
139, 362
139, 364
139, 430
139, 432
140, 371
140, 376
140, 381
140, 388
140, 427
140, 429
140, 431
141, 403
141, 429
141, 435
141, 447
141, 461
142, 341
142, 411
142, 414
142, 425
142, 427
143, 362
143, 424
143, 428
143, 433
143, 445
143, 447
143, 451
144, 344
144, 410
144, 446
144, 450
144, 454
145, 285
145, 388
146, 347
146, 385
146, 410
146, 447
146, 449
147, 323
147, 408
147, 424
147, 442
147, 453
148, 350
148, 403
148, 437
148, 442
148, 448
149, 352
149, 401
149, 403
149, 420
149, 435
149, 448
150, 354
150, 377
150, 435
150, 442
150, 447
151, 340
151, 355
151, 376
151, 402
151, 443
152, 413
152, 437
152, 443
153, 338
153, 358
153, 392
153, 418
153, 437
154, 318
154, 337
154, 389
154, 408
154, 414
154, 436
154, 439
155, 338
155, 362
155, 384
155, 408
155, 437
155, 439
156, 316
156, 324
156, 381
156, 405
156, 437
156, 440
157, 316
157, 343
157, 401
157, 414
157, 437
157, 439
158, 344
158, 400
158, 411
158, 437
158, 439
159, 322
159, 333
159, 373
159, 388
159, 400
159, 409
159, 437
160, 267
160, 334
160, 348
160, 369
160, 390
160, 400
160, 411
161, 327
161, 337
161, 351
161, 388
161, 400
162, 339
162, 373
162, 381
162, 387
162, 420
163, 332
163, 341
163, 354
163, 379
163, 393
164, 334
164, 344
164, 380
164, 391
165, 337
165, 348
165, 355
165, 370
165, 377
165, 380
165, 405
165, 424
166, 305
166, 352
166, 377
166, 379
167, 310
167, 343
167, 352
167, 376
167, 379
167, 399
167, 440
168, 284
168, 311
168, 345
168, 375
168, 378
169, 352
169, 374
169, 377
169, 383
169, 398
170, 308
170, 343
170, 350
170, 368
170, 372
170, 376
170, 386
170, 398
171, 319
171, 339
171, 370
171, 398
172, 179
172, 372
173, 306
173, 323
173, 330
173, 333
173, 335
173, 348
173, 367
173, 374
173, 377
174, 305
174, 323
174, 326
174, 329
174, 331
174, 333
174, 371
174, 376
174, 392
175, 306
175, 308
175, 313
175, 322
175, 329
175, 364
175, 374
175, 376
175, 395
176, 299
176, 302
176, 304
176, 310
176, 313
176, 328
176, 331
176, 367
176, 375
176, 385
176, 395
177, 302
177, 314
177, 330
177, 370
177, 373
177, 397
178, 270
178, 320
178, 328
178, 372
178, 375
178, 383
178, 386
178, 399
179, 171
179, 249
179, 311
179, 319
179, 328
179, 340
179, 371
179, 374
179, 386
180, 318
180, 326
180, 343
180, 366
180, 372
180, 384
180, 386
180, 402
181, 312
181, 327
181, 371
181, 380
181, 385
181, 389
182, 192
182, 331
182, 366
182, 382
182, 384
182, 388
182, 405
183, 174
183, 177
183, 316
183, 335
183, 353
183, 373
183, 384
183, 405
184, 317
184, 340
184, 356
184, 386
184, 395
184, 409
185, 323
185, 328
185, 394
186, 322
186, 327
186, 368
186, 372
186, 374
186, 393
186, 400
187, 101
187, 297
187, 323
187, 325
187, 366
187, 376
187, 385
187, 401
188, 92
188, 320
188, 326
188, 368
188, 371
188, 398
188, 400
188, 404
189, 319
189, 368
189, 371
189, 377
189, 381
189, 400
189, 446
190, 120
190, 367
190, 370
190, 373
190, 376
190, 403
191, 323
191, 365
191, 367
191, 378
191, 395
191, 405
192, 98
192, 242
192, 345
192, 366
192, 368
192, 379
193, 309
193, 337
193, 343
193, 366
193, 369
193, 371
193, 379
193, 383
194, 331
194, 344
194, 365
194, 369
194, 374
194, 376
194, 414
195, 340
195, 379
195, 389
195, 447
196, 238
196, 330
196, 343
196, 365
196, 368
196, 393
197, 249
197, 329
197, 334
197, 364
197, 369
197, 384
198, 329
198, 347
198, 365
198, 367
199, 253
199, 290
199, 330
199, 335
199, 349
199, 365
199, 367
199, 384
199, 393
199, 401
199, 426
200, 275
200, 303
200, 309
200, 363
200, 365
200, 383
201, 289
201, 314
201, 325
201, 327
201, 330
201, 332
201, 362
201, 364
201, 366
201, 400
202, 302
202, 306
202, 334
202, 337
202, 339
202, 343
202, 356
202, 363
202, 365
203, 311
203, 323
203, 329
203, 355
203, 358
203, 362
203, 365
203, 367
204, 328
204, 330
204, 336
204, 339
204, 341
204, 359
204, 361
204, 365
204, 378
204, 383
204, 411
205, 342
205, 353
205, 355
205, 361
205, 365
205, 392
205, 436
206, 263
206, 329
206, 354
206, 358
206, 361
206, 363
206, 365
206, 410
206, 418
207, 360
207, 373
207, 425
207, 440
208, 223
208, 267
208, 328
208, 355
209, 243
209, 330
209, 444
210, 225
210, 324
210, 329
210, 346
210, 450
211, 133
211, 321
211, 331
211, 346
211, 367
211, 438
212, 407
212, 449
213, 320
213, 324
213, 338
214, 230
214, 345
214, 363
214, 419
214, 422
215, 310
215, 321
215, 328
215, 362
215, 448
216, 246
216, 279
216, 348
216, 362
217, 363
217, 446
218, 317
218, 364
219, 307
219, 315
219, 356
219, 395
220, 215
220, 285
220, 308
220, 355
220, 389
221, 80
221, 306
221, 308
221, 353
221, 356
222, 289
222, 303
222, 354
222, 444
223, 290
223, 303
223, 306
223, 332
223, 354
224, 204
224, 243
224, 281
224, 292
224, 295
225, 206
225, 221
225, 291
225, 293
226, 286
226, 296
226, 361
226, 452
227, 246
227, 284
227, 295
227, 398
228, 287
228, 294
228, 298
228, 352
228, 387
228, 394
229, 208
229, 237
229, 286
229, 288
229, 332
229, 387
230, 271
230, 283
230, 290
230, 374
231, 250
231, 283
231, 287
231, 360
231, 362
231, 440
232, 228
232, 252
232, 282
232, 289
232, 291
232, 330
232, 350
232, 361
233, 233
233, 281
233, 284
233, 287
233, 289
233, 328
233, 340
233, 350
234, 254
234, 269
234, 281
234, 307
234, 330
234, 337
235, 231
235, 280
235, 284
235, 286
235, 309
235, 337
236, 271
236, 283
236, 310
236, 327
237, 244
237, 282
237, 306
237, 308
237, 312
238, 269
238, 274
238, 305
238, 308
239, 272
239, 283
239, 286
239, 299
239, 333
240, 278
240, 285
240, 291
241, 277
241, 279
241, 281
241, 284
241, 286
242, 264
242, 266
242, 275
242, 278
242, 280
242, 282
242, 320
243, 222
243, 263
243, 266
243, 277
244, 265
244, 272
244, 409
245, 213
245, 265
245, 269
245, 278
245, 287
245, 325
245, 388
245, 409
246, 261
246, 271
246, 388
247, 260
247, 274
248, 205
248, 267
248, 293
248, 330
249, 215
249, 279
250, 280
251, 219
251, 227
251, 299
251, 395
252, 268
252, 276
252, 301
252, 383
252, 393
253, 216
253, 218
253, 277
254, 224
254, 280
254, 383
254, 387
255, 219
255, 270
255, 279
255, 296
255, 307
255, 385
256, 214
256, 254
256, 270
256, 294
256, 382
257, 255
257, 270
257, 294
257, 382
257, 403
258, 194
258, 271
259, 263
259, 271
259, 300
260, 271
260, 302
260, 386
261, 260
261, 264
261, 272
261, 305
261, 339
262, 261
262, 288
263, 171
263, 290
263, 298
264, 291
264, 298
265, 249
265, 263
265, 265
265, 356
266, 265
266, 292
266, 360
266, 397
267, 294
267, 320
267, 360
268, 293
268, 356
269, 247
269, 257
269, 335
270, 246
270, 258
270, 288
271, 261
271, 286
272, 253
272, 277
272, 286
273, 276
273, 285
273, 289
273, 344
274, 284
274, 287
274, 334
274, 359
275, 282
275, 294
276, 272
276, 337
277, 280
277, 375
278, 71
278, 280
278, 331
279, 278
279, 280
279, 331
280, 240
280, 271
280, 276
280, 281
280, 359
281, 252
281, 266
281, 418
282, 236
282, 239
282, 245
282, 274
283, 272
285, 70
285, 169
285, 180
285, 280
285, 282
285, 358
285, 415
286, 282
287, 283
288, 309
289, 47
290, 44
290, 69
290, 241
290, 327
291, 292
292, 242
292, 323
293, 296
293, 325
293, 376
294, 285
294, 297
294, 378
296, 68
296, 383
297, 288
298, 285
298, 288
299, 67
299, 256
299, 309
300, 352
302, 357
303, 157
304, 140
304, 192
304, 260
305, 66
305, 148
305, 155
305, 321
306, 146
306, 373
307, 188
308, 252
310, 194
313, 222
313, 224
314, 304
314, 351
315, 137
315, 239
315, 245
316, 142
317, 146
319, 167
319, 225
320, 221
320, 350
321, 164
321, 220
321, 299
321, 315
322, 217
322, 301
323, 64
323, 173
323, 215
323, 314
324, 213
324, 229
325, 171
325, 300
326, 215
328, 356
330, 340
330, 349
330, 355
331, 213
331, 221
331, 298
331, 303
331, 310
331, 318
332, 210
333, 211
334, 212
336, 216
340, 307
340, 366
341, 307
341, 354
342, 347
343, 333
345, 312
345, 354
346, 302
346, 305
346, 309
348, 304
348, 311
348, 333
349, 354
350, 303
350, 322
350, 347
351, 312
351, 342
352, 309
353, 301
355, 93
355, 319
356, 314
357, 307
358, 299
359, 97
360, 98
361, 99
361, 299
361, 316
364, 353
367, 319
368, 105
371, 321
376, 344
378, 324
380, 312
381, 315
387, 67
389, 287
390, 62
390, 351
391, 63
391, 66
393, 330
396, 284
401, 282
403, 335
408, 279
410, 316
413, 339
418, 328
419, 339
420, 330
420, 342
422, 274
424, 329
424, 344
425, 273
427, 340
428, 338
429, 271
429, 339
430, 337
431, 332
431, 336
432, 270
432, 334
432, 337
432, 339
433, 333
